102874795308599532461878597137083911508 0.8545454545454545 0.8872727272727273 0.9090909090909091 0.9327272727272727 0.9945454545454545 uwb_T2a_CGBSA_TsoDdMs
105852051548639615748486952202176711148 0.21454545454545454 0.29818181818181816 0.37636363636363634 0.4672727272727273 0.7563636363636363 uwb_T2a_CGBSA_TsoDdMs
106435705079652850566645249439823037189 0.21454545454545454 0.29818181818181816 0.37636363636363634 0.4672727272727273 0.7563636363636363 uwb_T2a_CGBSA_TsoDdMs
109079564440466459390934335468138636428 0.04181818181818182 0.08363636363636363 0.12 0.15636363636363637 0.5418181818181819 uwb_T2a_CGBSA_TsoDdMs
112969306780054113980333906173964790092 0.5345454545454545 0.5963636363636363 0.6 0.6436363636363637 0.8909090909090909 uwb_T2a_CGBSA_TsoDdMs
123701292900777688421667107140658039005 0.4490909090909091 0.58 0.5890909090909091 0.6327272727272727 0.8654545454545455 uwb_T2a_CGBSA_TsoDdMs
124353473453557815130953551902136689467 0.5854545454545454 0.6381818181818182 0.6418181818181818 0.6781818181818182 0.9145454545454546 uwb_T2a_CGBSA_TsoDdMs
124434567870588574381378610489531230906 0.6054545454545455 0.6509090909090909 0.6836363636363636 0.7163636363636363 0.94 uwb_T2a_CGBSA_TsoDdMs
125573563319812406874760374698958809505 0.15454545454545454 0.19636363636363635 0.2 0.2781818181818182 0.6454545454545455 uwb_T2a_CGBSA_TsoDdMs
12988927002747789805794297899473275550 0.04181818181818182 0.08363636363636363 0.12 0.15636363636363637 0.5418181818181819 uwb_T2a_CGBSA_TsoDdMs
130658888753098641451312959980176659588 0.0036363636363636364 0.00909090909090909 0.014545454545454545 0.02 0.03636363636363636 uwb_T2a_CGBSA_TsoDdMs
131146698257544807727238668764122932718 0.610909090909091 0.6545454545454545 0.6872727272727273 0.72 0.9436363636363636 uwb_T2a_CGBSA_TsoDdMs
132839661488488244842215760010879692966 0.9654545454545455 0.9709090909090909 0.9745454545454545 0.9763636363636363 0.9981818181818182 uwb_T2a_CGBSA_TsoDdMs
142328365749053739142638653722961307737 0.21454545454545454 0.29818181818181816 0.37636363636363634 0.4672727272727273 0.7563636363636363 uwb_T2a_CGBSA_TsoDdMs
143727825274227874197167153057507650958 0.7418181818181818 0.8309090909090909 0.8327272727272728 0.8636363636363636 0.9727272727272728 uwb_T2a_CGBSA_TsoDdMs
144633752302542907670979408092069226455 0.056363636363636366 0.09818181818181818 0.13454545454545455 0.1709090909090909 0.5563636363636364 uwb_T2a_CGBSA_TsoDdMs
154610072952696959194299676669209219512 0.02181818181818182 0.023636363636363636 0.025454545454545455 0.02727272727272727 0.19454545454545455 uwb_T2a_CGBSA_TsoDdMs
16662302689796302411563730357188610914 0.0 0.005454545454545455 0.01090909090909091 0.016363636363636365 0.03090909090909091 uwb_T2a_CGBSA_TsoDdMs
168043669413404524499022810979732251875 0.2818181818181818 0.44363636363636366 0.44727272727272727 0.54 0.8236363636363636 uwb_T2a_CGBSA_TsoDdMs
169236177720319634590347344011787487032 0.20727272727272728 0.2909090909090909 0.3690909090909091 0.4581818181818182 0.7490909090909091 uwb_T2a_CGBSA_TsoDdMs
169667677784140784977339627367733014704 0.27090909090909093 0.35454545454545455 0.43272727272727274 0.5236363636363637 0.8127272727272727 uwb_T2a_CGBSA_TsoDdMs
170388434734333976032799674201970634067 0.26 0.34363636363636363 0.4218181818181818 0.5127272727272727 0.8018181818181818 uwb_T2a_CGBSA_TsoDdMs
170815440111949608148321939408933862609 0.06181818181818182 0.10363636363636364 0.14 0.17636363636363636 0.5618181818181818 uwb_T2a_CGBSA_TsoDdMs
176243912685666703702375308333238514192 0.6018181818181818 0.6472727272727272 0.68 0.7127272727272728 0.9363636363636364 uwb_T2a_CGBSA_TsoDdMs
176905959772323409020554782440152571209 0.056363636363636366 0.09818181818181818 0.13454545454545455 0.1709090909090909 0.5563636363636364 uwb_T2a_CGBSA_TsoDdMs
179231304033074987658291986586260720501 0.04181818181818182 0.08363636363636363 0.12 0.15636363636363637 0.5418181818181819 uwb_T2a_CGBSA_TsoDdMs
184005783662213099052034621130934304336 0.07636363636363637 0.11818181818181818 0.15272727272727274 0.19090909090909092 0.5763636363636364 uwb_T2a_CGBSA_TsoDdMs
184224684221615162163742807310485825196 0.27454545454545454 0.3618181818181818 0.4381818181818182 0.5272727272727272 0.8163636363636364 uwb_T2a_CGBSA_TsoDdMs
191502840964924486625641140181900523566 0.6145454545454545 0.6581818181818182 0.6909090909090909 0.7236363636363636 0.9472727272727273 uwb_T2a_CGBSA_TsoDdMs
196700983479742959767105282242496584277 0.07090909090909091 0.11272727272727273 0.14909090909090908 0.18545454545454546 0.5727272727272728 uwb_T2a_CGBSA_TsoDdMs
216168855596183406615148189330713710623 0.02909090909090909 0.038181818181818185 0.07454545454545454 0.08 0.44 uwb_T2a_CGBSA_TsoDdMs
218033355204151932636937416839387621515 0.21454545454545454 0.29818181818181816 0.37636363636363634 0.4672727272727273 0.7563636363636363 uwb_T2a_CGBSA_TsoDdMs
222313615650734971147745839834131019722 0.06181818181818182 0.10363636363636364 0.14 0.17636363636363636 0.5618181818181818 uwb_T2a_CGBSA_TsoDdMs
22568722296870636757170253331925955157 0.28909090909090907 0.46 0.5327272727272727 0.5872727272727273 0.8345454545454546 uwb_T2a_CGBSA_TsoDdMs
23953661194048509803940025372123076021 0.21454545454545454 0.29818181818181816 0.37636363636363634 0.4672727272727273 0.7563636363636363 uwb_T2a_CGBSA_TsoDdMs
247338480420038528839542004060398805001 0.43636363636363634 0.5363636363636364 0.5709090909090909 0.5981818181818181 0.8618181818181818 uwb_T2a_CGBSA_TsoDdMs
247478043000875821062028498216541810846 0.20363636363636364 0.28545454545454546 0.35818181818181816 0.4527272727272727 0.7454545454545455 uwb_T2a_CGBSA_TsoDdMs
251509691558565394449183134158216078881 0.850909090909091 0.8836363636363637 0.9054545454545454 0.9290909090909091 0.990909090909091 uwb_T2a_CGBSA_TsoDdMs
253159863883326376029121813943042367501 0.06181818181818182 0.10363636363636364 0.14 0.17636363636363636 0.5618181818181818 uwb_T2a_CGBSA_TsoDdMs
253167521284208568601233142932719768354 0.04181818181818182 0.08363636363636363 0.12 0.15636363636363637 0.5418181818181819 uwb_T2a_CGBSA_TsoDdMs
255621349528216156036157624394232975228 0.06181818181818182 0.10363636363636364 0.14 0.17636363636363636 0.5618181818181818 uwb_T2a_CGBSA_TsoDdMs
258925123253978834579822752667638267384 0.04181818181818182 0.08363636363636363 0.12 0.15636363636363637 0.5418181818181819 uwb_T2a_CGBSA_TsoDdMs
261031255753276395830943017847874589776 0.8563636363636363 0.889090909090909 0.9109090909090909 0.9345454545454546 0.9963636363636363 uwb_T2a_CGBSA_TsoDdMs
263703795319233904258161919976815969344 0.2672727272727273 0.3509090909090909 0.4290909090909091 0.52 0.8090909090909091 uwb_T2a_CGBSA_TsoDdMs
271266096487792715235933999364306410389 0.21454545454545454 0.29818181818181816 0.37636363636363634 0.4672727272727273 0.7563636363636363 uwb_T2a_CGBSA_TsoDdMs
272084949450943266236977822325902693890 0.5781818181818181 0.6290909090909091 0.64 0.6709090909090909 0.9127272727272727 uwb_T2a_CGBSA_TsoDdMs
274141820081619960815428312150776782028 0.03272727272727273 0.04 0.07818181818181819 0.08181818181818182 0.44545454545454544 uwb_T2a_CGBSA_TsoDdMs
274423968777005648529560808206525278099 0.27636363636363637 0.3654545454545455 0.44181818181818183 0.5309090909090909 0.8181818181818182 uwb_T2a_CGBSA_TsoDdMs
275843906781848950807194062008870957498 0.84 0.8745454545454545 0.8963636363636364 0.92 0.9818181818181818 uwb_T2a_CGBSA_TsoDdMs
283272975898130021808793781320383497567 0.07272727272727272 0.11454545454545455 0.1509090909090909 0.18727272727272729 0.5745454545454546 uwb_T2a_CGBSA_TsoDdMs
300048253764816828389651530433870141812 0.2636363636363636 0.3472727272727273 0.4254545454545455 0.5163636363636364 0.8054545454545454 uwb_T2a_CGBSA_TsoDdMs
310156107323278896682632391333820657170 0.19818181818181818 0.28 0.28363636363636363 0.36727272727272725 0.7072727272727273 uwb_T2a_CGBSA_TsoDdMs
311579092922577242058212467075940758942 0.45636363636363636 0.5836363636363636 0.5927272727272728 0.6363636363636364 0.8690909090909091 uwb_T2a_CGBSA_TsoDdMs
31175712967246937942861315731362647907 0.0018181818181818182 0.007272727272727273 0.012727272727272728 0.01818181818181818 0.034545454545454546 uwb_T2a_CGBSA_TsoDdMs
3123989138538355383176077731922745625 0.6309090909090909 0.6745454545454546 0.7054545454545454 0.7381818181818182 0.9618181818181818 uwb_T2a_CGBSA_TsoDdMs
315361035901079735837195400739681883076 0.11636363636363636 0.1890909090909091 0.19272727272727272 0.2018181818181818 0.6090909090909091 uwb_T2a_CGBSA_TsoDdMs
338150289124428384068347182784679587229 0.7090909090909091 0.82 0.8254545454545454 0.8581818181818182 0.9672727272727273 uwb_T2a_CGBSA_TsoDdMs
4140234159105931861008558564565664370 0.6272727272727273 0.6727272727272727 0.7036363636363636 0.7363636363636363 0.96 uwb_T2a_CGBSA_TsoDdMs
44374453275291101226201178637948375608 0.21454545454545454 0.29818181818181816 0.37636363636363634 0.4672727272727273 0.7563636363636363 uwb_T2a_CGBSA_TsoDdMs
48018958909725317379763684141715533876 0.26545454545454544 0.3490909090909091 0.42727272727272725 0.5181818181818182 0.8072727272727273 uwb_T2a_CGBSA_TsoDdMs
49181933716339464523419377032038612711 0.6145454545454545 0.6581818181818182 0.6909090909090909 0.7236363636363636 0.9472727272727273 uwb_T2a_CGBSA_TsoDdMs
50492194922413122600313975189284528023 0.7109090909090909 0.8218181818181818 0.8272727272727273 0.86 0.9690909090909091 uwb_T2a_CGBSA_TsoDdMs
50535401281958034790425695819723635150 0.20363636363636364 0.28545454545454546 0.35818181818181816 0.4527272727272727 0.7454545454545455 uwb_T2a_CGBSA_TsoDdMs
53506902401993494461547471359364128491 0.21454545454545454 0.29818181818181816 0.37636363636363634 0.4672727272727273 0.7563636363636363 uwb_T2a_CGBSA_TsoDdMs
6092029970857334058754002393908621245 0.21454545454545454 0.29818181818181816 0.37636363636363634 0.4672727272727273 0.7563636363636363 uwb_T2a_CGBSA_TsoDdMs
62096230792654370894975312736219578938 0.27090909090909093 0.35454545454545455 0.43272727272727274 0.5236363636363637 0.8127272727272727 uwb_T2a_CGBSA_TsoDdMs
69946607851993318752346351367281917254 0.04181818181818182 0.08363636363636363 0.12 0.15636363636363637 0.5418181818181819 uwb_T2a_CGBSA_TsoDdMs
76403010148122079080287591376899905261 0.21454545454545454 0.29818181818181816 0.37636363636363634 0.4672727272727273 0.7563636363636363 uwb_T2a_CGBSA_TsoDdMs
84389105660215702364835553687751975862 0.21454545454545454 0.29818181818181816 0.37636363636363634 0.4672727272727273 0.7563636363636363 uwb_T2a_CGBSA_TsoDdMs
86291997124606495041079549573633507992 0.4509090909090909 0.5818181818181818 0.5909090909090909 0.6345454545454545 0.8672727272727273 uwb_T2a_CGBSA_TsoDdMs
95476931381747357721049045738969845561 0.6072727272727273 0.6527272727272727 0.6854545454545454 0.7181818181818181 0.9418181818181818 uwb_T2a_CGBSA_TsoDdMs
102261392357269412895826000434219677612 0.8363636363636363 0.8709090909090909 0.8927272727272727 0.9163636363636364 0.9781818181818182 uwb_T2a_CGBSA_TsoDdMs
108392321367395703925142501072045459418 0.04181818181818182 0.08363636363636363 0.12 0.15636363636363637 0.5418181818181819 uwb_T2a_CGBSA_TsoDdMs
110586548113894700799062380481034549756 0.2581818181818182 0.3418181818181818 0.42 0.5109090909090909 0.8 uwb_T2a_CGBSA_TsoDdMs
114228080484276079879820887776355054119 0.6145454545454545 0.6581818181818182 0.6909090909090909 0.7236363636363636 0.9472727272727273 uwb_T2a_CGBSA_TsoDdMs
114879354537982420754125883207016236919 0.21454545454545454 0.29818181818181816 0.37636363636363634 0.4672727272727273 0.7563636363636363 uwb_T2a_CGBSA_TsoDdMs
14079463966905540320255734791241993234 0.6145454545454545 0.6581818181818182 0.6909090909090909 0.7236363636363636 0.9472727272727273 uwb_T2a_CGBSA_TsoDdMs
142763203171022855723198176430780632801 0.21454545454545454 0.29818181818181816 0.37636363636363634 0.4672727272727273 0.7563636363636363 uwb_T2a_CGBSA_TsoDdMs
152835796904054046479622601162305407270 0.21454545454545454 0.29818181818181816 0.37636363636363634 0.4672727272727273 0.7563636363636363 uwb_T2a_CGBSA_TsoDdMs
183805667644783061002002722478906632066 0.2690909090909091 0.3527272727272727 0.4309090909090909 0.5218181818181818 0.8109090909090909 uwb_T2a_CGBSA_TsoDdMs
187765306541695598308208426779174928057 0.8436363636363636 0.8781818181818182 0.9 0.9236363636363636 0.9854545454545455 uwb_T2a_CGBSA_TsoDdMs
193309340056127373671759197733560288051 0.84 0.8745454545454545 0.8963636363636364 0.92 0.9818181818181818 uwb_T2a_CGBSA_TsoDdMs
19360264505943021048981210560222054921 0.21454545454545454 0.29818181818181816 0.37636363636363634 0.4672727272727273 0.7563636363636363 uwb_T2a_CGBSA_TsoDdMs
195457549058738943388870398350849858072 0.21454545454545454 0.29818181818181816 0.37636363636363634 0.4672727272727273 0.7563636363636363 uwb_T2a_CGBSA_TsoDdMs
198942521164144755275564118025009492597 0.21454545454545454 0.29818181818181816 0.37636363636363634 0.4672727272727273 0.7563636363636363 uwb_T2a_CGBSA_TsoDdMs
204792228523942817697684249362752561945 0.21454545454545454 0.29818181818181816 0.37636363636363634 0.4672727272727273 0.7563636363636363 uwb_T2a_CGBSA_TsoDdMs
218339622966495983478086400152428111499 0.8472727272727273 0.8818181818181818 0.9036363636363637 0.9272727272727272 0.9890909090909091 uwb_T2a_CGBSA_TsoDdMs
21927516961642519164883975963927187019 0.20909090909090908 0.2927272727272727 0.3709090909090909 0.4618181818181818 0.7509090909090909 uwb_T2a_CGBSA_TsoDdMs
224183108360438665125388531818542399521 0.2109090909090909 0.29454545454545455 0.37272727272727274 0.4636363636363636 0.7527272727272727 uwb_T2a_CGBSA_TsoDdMs
247590627515252231922429666072028998197 0.21454545454545454 0.29818181818181816 0.37636363636363634 0.4672727272727273 0.7563636363636363 uwb_T2a_CGBSA_TsoDdMs
27072005168038970286294211166039329387 0.06909090909090909 0.11090909090909092 0.14727272727272728 0.18363636363636363 0.5690909090909091 uwb_T2a_CGBSA_TsoDdMs
280459642216027454663382357557500293054 0.6145454545454545 0.6581818181818182 0.6909090909090909 0.7236363636363636 0.9472727272727273 uwb_T2a_CGBSA_TsoDdMs
283484034148470864073394508633946915589 0.21454545454545454 0.29818181818181816 0.37636363636363634 0.4672727272727273 0.7563636363636363 uwb_T2a_CGBSA_TsoDdMs
293110367008906517982789886212179050580 0.21454545454545454 0.29818181818181816 0.37636363636363634 0.4672727272727273 0.7563636363636363 uwb_T2a_CGBSA_TsoDdMs
312413051886085921695894894134626617965 0.8381818181818181 0.8727272727272727 0.8945454545454545 0.9181818181818182 0.98 uwb_T2a_CGBSA_TsoDdMs
312987927700015903218571040364595941501 0.21454545454545454 0.29818181818181816 0.37636363636363634 0.4672727272727273 0.7563636363636363 uwb_T2a_CGBSA_TsoDdMs
324959027903796102304311728272866159122 0.8527272727272728 0.8854545454545455 0.9072727272727272 0.9309090909090909 0.9927272727272727 uwb_T2a_CGBSA_TsoDdMs
327954962375720392894479971334412785808 0.26 0.34363636363636363 0.4218181818181818 0.5127272727272727 0.8018181818181818 uwb_T2a_CGBSA_TsoDdMs
328374723270240609929366741201804136387 0.6036363636363636 0.649090909090909 0.6818181818181818 0.7145454545454546 0.9381818181818182 uwb_T2a_CGBSA_TsoDdMs
38134835253750990799550716741183458719 0.056363636363636366 0.09818181818181818 0.13454545454545455 0.1709090909090909 0.5563636363636364 uwb_T2a_CGBSA_TsoDdMs
38825469737439445743809804447771086084 0.36363636363636365 0.5290909090909091 0.5381818181818182 0.5945454545454546 0.8490909090909091 uwb_T2a_CGBSA_TsoDdMs
44164469004227581402907600574336145677 0.8436363636363636 0.8781818181818182 0.9 0.9236363636363636 0.9854545454545455 uwb_T2a_CGBSA_TsoDdMs
53013985624593585811117301804017945029 0.6145454545454545 0.6581818181818182 0.6909090909090909 0.7236363636363636 0.9472727272727273 uwb_T2a_CGBSA_TsoDdMs
55961916706278357779395596007415351249 0.6763636363636364 0.74 0.7436363636363637 0.8290909090909091 0.9636363636363636 uwb_T2a_CGBSA_TsoDdMs
66587498530201227957277036280446572791 0.21272727272727274 0.2963636363636364 0.37454545454545457 0.46545454545454545 0.7545454545454545 uwb_T2a_CGBSA_TsoDdMs
68844981409281521950750454122510056461 0.6127272727272727 0.6563636363636364 0.6890909090909091 0.7218181818181818 0.9454545454545454 uwb_T2a_CGBSA_TsoDdMs
79235969598788888357175960809483141745 0.6145454545454545 0.6581818181818182 0.6909090909090909 0.7236363636363636 0.9472727272727273 uwb_T2a_CGBSA_TsoDdMs
84282515721948680198147020532613269696 0.04181818181818182 0.08363636363636363 0.12 0.15636363636363637 0.5418181818181819 uwb_T2a_CGBSA_TsoDdMs
87077124235980146252128966375338614407 0.21454545454545454 0.29818181818181816 0.37636363636363634 0.4672727272727273 0.7563636363636363 uwb_T2a_CGBSA_TsoDdMs
8887021578525718381060523841591412330 0.21454545454545454 0.29818181818181816 0.37636363636363634 0.4672727272727273 0.7563636363636363 uwb_T2a_CGBSA_TsoDdMs
