102874795308599532461878597137083911508 0.18 0.4509090909090909 0.6472727272727272 0.8472727272727273 0.9745454545454545 uwb_T2a_survGB
105852051548639615748486952202176711148 0.07090909090909091 0.2690909090909091 0.4527272727272727 0.64 0.8454545454545455 uwb_T2a_survGB
106435705079652850566645249439823037189 0.04363636363636364 0.24181818181818182 0.4072727272727273 0.5872727272727273 0.8 uwb_T2a_survGB
109079564440466459390934335468138636428 0.01818181818181818 0.21272727272727274 0.36 0.5309090909090909 0.7436363636363637 uwb_T2a_survGB
112969306780054113980333906173964790092 0.08545454545454545 0.28363636363636363 0.4690909090909091 0.6636363636363637 0.8636363636363636 uwb_T2a_survGB
123701292900777688421667107140658039005 0.07454545454545454 0.2727272727272727 0.4581818181818182 0.6527272727272727 0.8527272727272728 uwb_T2a_survGB
124353473453557815130953551902136689467 0.16727272727272727 0.42727272727272725 0.6272727272727273 0.82 0.96 uwb_T2a_survGB
124434567870588574381378610489531230906 0.07818181818181819 0.27636363636363637 0.4618181818181818 0.6563636363636364 0.8563636363636363 uwb_T2a_survGB
125573563319812406874760374698958809505 0.04181818181818182 0.24 0.4018181818181818 0.5836363636363636 0.7945454545454546 uwb_T2a_survGB
12988927002747789805794297899473275550 0.0 0.19454545454545455 0.30727272727272725 0.4781818181818182 0.6854545454545454 uwb_T2a_survGB
130658888753098641451312959980176659588 0.012727272727272728 0.20727272727272728 0.3472727272727273 0.52 0.7254545454545455 uwb_T2a_survGB
131146698257544807727238668764122932718 0.0890909090909091 0.28909090909090907 0.4727272727272727 0.6672727272727272 0.8672727272727273 uwb_T2a_survGB
132839661488488244842215760010879692966 0.28545454545454546 0.8381818181818181 0.9690909090909091 0.9927272727272727 0.9981818181818182 uwb_T2a_survGB
142328365749053739142638653722961307737 0.15636363636363637 0.39636363636363636 0.6090909090909091 0.7890909090909091 0.9490909090909091 uwb_T2a_survGB
143727825274227874197167153057507650958 0.18545454545454546 0.5381818181818182 0.7527272727272727 0.9127272727272727 0.9836363636363636 uwb_T2a_survGB
144633752302542907670979408092069226455 0.025454545454545455 0.22 0.3690909090909091 0.5509090909090909 0.7563636363636363 uwb_T2a_survGB
154610072952696959194299676669209219512 0.05272727272727273 0.2509090909090909 0.41818181818181815 0.6018181818181818 0.8109090909090909 uwb_T2a_survGB
16662302689796302411563730357188610914 0.0036363636363636364 0.19818181818181818 0.32545454545454544 0.49454545454545457 0.7072727272727273 uwb_T2a_survGB
168043669413404524499022810979732251875 0.1781818181818182 0.4490909090909091 0.6454545454545455 0.8436363636363636 0.9727272727272728 uwb_T2a_survGB
169236177720319634590347344011787487032 0.034545454545454546 0.23272727272727273 0.3836363636363636 0.5709090909090909 0.7727272727272727 uwb_T2a_survGB
169667677784140784977339627367733014704 0.12727272727272726 0.33454545454545453 0.5327272727272727 0.72 0.9109090909090909 uwb_T2a_survGB
170388434734333976032799674201970634067 0.04727272727272727 0.24545454545454545 0.4127272727272727 0.5963636363636363 0.8036363636363636 uwb_T2a_survGB
170815440111949608148321939408933862609 0.02909090909090909 0.22545454545454546 0.37454545454545457 0.5636363636363636 0.7636363636363637 uwb_T2a_survGB
176243912685666703702375308333238514192 0.14727272727272728 0.38181818181818183 0.5854545454545454 0.7745454545454545 0.94 uwb_T2a_survGB
176905959772323409020554782440152571209 0.03272727272727273 0.2290909090909091 0.3781818181818182 0.5672727272727273 0.7672727272727272 uwb_T2a_survGB
179231304033074987658291986586260720501 0.02727272727272727 0.22181818181818183 0.3709090909090909 0.5581818181818182 0.7581818181818182 uwb_T2a_survGB
184005783662213099052034621130934304336 0.04 0.2381818181818182 0.4 0.58 0.7909090909090909 uwb_T2a_survGB
184224684221615162163742807310485825196 0.17636363636363636 0.44545454545454544 0.6436363636363637 0.84 0.9709090909090909 uwb_T2a_survGB
191502840964924486625641140181900523566 0.11636363636363636 0.32 0.5145454545454545 0.7018181818181818 0.9 uwb_T2a_survGB
196700983479742959767105282242496584277 0.023636363636363636 0.21818181818181817 0.36727272727272725 0.54 0.7509090909090909 uwb_T2a_survGB
216168855596183406615148189330713710623 0.00909090909090909 0.20363636363636364 0.3381818181818182 0.5072727272727273 0.7218181818181818 uwb_T2a_survGB
218033355204151932636937416839387621515 0.04909090909090909 0.24727272727272728 0.41454545454545455 0.5981818181818181 0.8054545454545454 uwb_T2a_survGB
222313615650734971147745839834131019722 0.007272727272727273 0.2018181818181818 0.33636363636363636 0.5036363636363637 0.7163636363636363 uwb_T2a_survGB
22568722296870636757170253331925955157 0.06909090909090909 0.2672727272727273 0.44727272727272727 0.6363636363636364 0.8418181818181818 uwb_T2a_survGB
23953661194048509803940025372123076021 0.056363636363636366 0.2545454545454545 0.4218181818181818 0.6072727272727273 0.8145454545454546 uwb_T2a_survGB
247338480420038528839542004060398805001 0.1890909090909091 0.56 0.76 0.9290909090909091 0.9872727272727273 uwb_T2a_survGB
247478043000875821062028498216541810846 0.08 0.2781818181818182 0.4636363636363636 0.6581818181818182 0.8581818181818182 uwb_T2a_survGB
251509691558565394449183134158216078881 0.1690909090909091 0.43272727272727274 0.6327272727272727 0.8272727272727273 0.9618181818181818 uwb_T2a_survGB
253159863883326376029121813943042367501 0.03090909090909091 0.22727272727272727 0.37636363636363634 0.5654545454545454 0.7654545454545455 uwb_T2a_survGB
253167521284208568601233142932719768354 0.1618181818181818 0.40545454545454546 0.6163636363636363 0.7981818181818182 0.9545454545454546 uwb_T2a_survGB
255621349528216156036157624394232975228 0.03636363636363636 0.23454545454545456 0.39090909090909093 0.5727272727272728 0.7781818181818182 uwb_T2a_survGB
258925123253978834579822752667638267384 0.016363636363636365 0.2109090909090909 0.35818181818181816 0.5290909090909091 0.7418181818181818 uwb_T2a_survGB
261031255753276395830943017847874589776 0.19090909090909092 0.5690909090909091 0.769090909090909 0.9327272727272727 0.9890909090909091 uwb_T2a_survGB
263703795319233904258161919976815969344 0.06181818181818182 0.26 0.4309090909090909 0.62 0.8236363636363636 uwb_T2a_survGB
271266096487792715235933999364306410389 0.05818181818181818 0.25636363636363635 0.4254545454545455 0.610909090909091 0.8163636363636364 uwb_T2a_survGB
272084949450943266236977822325902693890 0.09090909090909091 0.2909090909090909 0.47454545454545455 0.6690909090909091 0.8690909090909091 uwb_T2a_survGB
274141820081619960815428312150776782028 0.0018181818181818182 0.19636363636363635 0.3145454545454546 0.48727272727272725 0.6909090909090909 uwb_T2a_survGB
274423968777005648529560808206525278099 0.16363636363636364 0.4109090909090909 0.6218181818181818 0.8072727272727273 0.9563636363636364 uwb_T2a_survGB
275843906781848950807194062008870957498 0.12363636363636364 0.3290909090909091 0.5254545454545455 0.7127272727272728 0.9072727272727272 uwb_T2a_survGB
283272975898130021808793781320383497567 0.014545454545454545 0.20909090909090908 0.3527272727272727 0.5236363636363637 0.7363636363636363 uwb_T2a_survGB
300048253764816828389651530433870141812 0.06545454545454546 0.2636363636363636 0.43636363636363634 0.6290909090909091 0.8290909090909091 uwb_T2a_survGB
310156107323278896682632391333820657170 0.06363636363636363 0.26181818181818184 0.43454545454545457 0.6236363636363637 0.8254545454545454 uwb_T2a_survGB
311579092922577242058212467075940758942 0.07272727272727272 0.27090909090909093 0.45636363636363636 0.6509090909090909 0.850909090909091 uwb_T2a_survGB
31175712967246937942861315731362647907 0.01090909090909091 0.20545454545454545 0.34 0.509090909090909 0.7236363636363636 uwb_T2a_survGB
3123989138538355383176077731922745625 0.19272727272727272 0.5745454545454546 0.7836363636363637 0.9345454545454546 0.990909090909091 uwb_T2a_survGB
315361035901079735837195400739681883076 0.005454545454545455 0.2 0.33090909090909093 0.49818181818181817 0.7109090909090909 uwb_T2a_survGB
338150289124428384068347182784679587229 0.15818181818181817 0.3981818181818182 0.6127272727272727 0.7927272727272727 0.9509090909090909 uwb_T2a_survGB
4140234159105931861008558564565664370 0.1709090909090909 0.4381818181818182 0.6345454545454545 0.8309090909090909 0.9636363636363636 uwb_T2a_survGB
44374453275291101226201178637948375608 0.06 0.2581818181818182 0.4290909090909091 0.6181818181818182 0.8218181818181818 uwb_T2a_survGB
48018958909725317379763684141715533876 0.05454545454545454 0.25272727272727274 0.42 0.6054545454545455 0.8127272727272727 uwb_T2a_survGB
49181933716339464523419377032038612711 0.08181818181818182 0.28 0.46545454545454545 0.66 0.86 uwb_T2a_survGB
50492194922413122600313975189284528023 0.17272727272727273 0.44181818181818183 0.6381818181818182 0.8345454545454546 0.9654545454545455 uwb_T2a_survGB
50535401281958034790425695819723635150 0.02 0.21454545454545454 0.3618181818181818 0.5345454545454545 0.7454545454545455 uwb_T2a_survGB
53506902401993494461547471359364128491 0.038181818181818185 0.23636363636363636 0.3927272727272727 0.5763636363636364 0.7854545454545454 uwb_T2a_survGB
6092029970857334058754002393908621245 0.08727272727272728 0.2872727272727273 0.4709090909090909 0.6654545454545454 0.8654545454545455 uwb_T2a_survGB
62096230792654370894975312736219578938 0.06727272727272728 0.26545454545454544 0.44 0.6309090909090909 0.8327272727272728 uwb_T2a_survGB
69946607851993318752346351367281917254 0.02181818181818182 0.21636363636363637 0.3654545454545455 0.5363636363636364 0.7490909090909091 uwb_T2a_survGB
76403010148122079080287591376899905261 0.05090909090909091 0.24909090909090909 0.4163636363636364 0.6 0.8090909090909091 uwb_T2a_survGB
84389105660215702364835553687751975862 0.045454545454545456 0.24363636363636362 0.4090909090909091 0.5909090909090909 0.8018181818181818 uwb_T2a_survGB
86291997124606495041079549573633507992 0.07636363636363637 0.27454545454545454 0.46 0.6545454545454545 0.8545454545454545 uwb_T2a_survGB
95476931381747357721049045738969845561 0.1290909090909091 0.3418181818181818 0.5436363636363636 0.7272727272727273 0.9145454545454546 uwb_T2a_survGB
102261392357269412895826000434219677612 0.22363636363636363 0.6890909090909091 0.8872727272727273 0.9781818181818182 0.9945454545454545 uwb_T2a_survGB
108392321367395703925142501072045459418 0.09636363636363636 0.2963636363636364 0.4818181818181818 0.6745454545454546 0.8745454545454545 uwb_T2a_survGB
110586548113894700799062380481034549756 0.15272727272727274 0.3890909090909091 0.5945454545454546 0.7818181818181819 0.9454545454545454 uwb_T2a_survGB
114228080484276079879820887776355054119 0.13090909090909092 0.34363636363636363 0.5454545454545454 0.7290909090909091 0.9163636363636364 uwb_T2a_survGB
114879354537982420754125883207016236919 0.10909090909090909 0.3109090909090909 0.5018181818181818 0.6927272727272727 0.889090909090909 uwb_T2a_survGB
14079463966905540320255734791241993234 0.14181818181818182 0.36363636363636365 0.5618181818181818 0.7472727272727273 0.9309090909090909 uwb_T2a_survGB
142763203171022855723198176430780632801 0.11090909090909092 0.31272727272727274 0.5054545454545455 0.6945454545454546 0.8927272727272727 uwb_T2a_survGB
152835796904054046479622601162305407270 0.12545454545454546 0.3327272727272727 0.5272727272727272 0.7145454545454546 0.9090909090909091 uwb_T2a_survGB
183805667644783061002002722478906632066 0.12 0.3236363636363636 0.5181818181818182 0.7054545454545454 0.9036363636363637 uwb_T2a_survGB
187765306541695598308208426779174928057 0.1509090909090909 0.38727272727272727 0.5927272727272728 0.78 0.9436363636363636 uwb_T2a_survGB
193309340056127373671759197733560288051 0.16545454545454547 0.42363636363636364 0.6254545454545455 0.8181818181818182 0.9581818181818181 uwb_T2a_survGB
19360264505943021048981210560222054921 0.10545454545454545 0.3054545454545455 0.49272727272727274 0.6836363636363636 0.8836363636363637 uwb_T2a_survGB
195457549058738943388870398350849858072 0.1 0.3 0.48545454545454547 0.6781818181818182 0.8781818181818182 uwb_T2a_survGB
198942521164144755275564118025009492597 0.18363636363636363 0.5 0.7181818181818181 0.8909090909090909 0.9818181818181818 uwb_T2a_survGB
204792228523942817697684249362752561945 0.11272727272727273 0.31636363636363635 0.5109090909090909 0.6981818181818182 0.8963636363636364 uwb_T2a_survGB
218339622966495983478086400152428111499 0.14363636363636365 0.37272727272727274 0.5781818181818181 0.7618181818181818 0.9363636363636364 uwb_T2a_survGB
21927516961642519164883975963927187019 0.14 0.3563636363636364 0.5563636363636364 0.74 0.9272727272727272 uwb_T2a_survGB
224183108360438665125388531818542399521 0.17454545454545456 0.44363636363636366 0.6418181818181818 0.8363636363636363 0.9672727272727273 uwb_T2a_survGB
247590627515252231922429666072028998197 0.09272727272727273 0.2927272727272727 0.4763636363636364 0.6709090909090909 0.8709090909090909 uwb_T2a_survGB
27072005168038970286294211166039329387 0.08363636363636363 0.2818181818181818 0.4672727272727273 0.6618181818181819 0.8618181818181818 uwb_T2a_survGB
280459642216027454663382357557500293054 0.13636363636363635 0.3509090909090909 0.5527272727272727 0.7345454545454545 0.9236363636363636 uwb_T2a_survGB
283484034148470864073394508633946915589 0.10727272727272727 0.3090909090909091 0.49636363636363634 0.6872727272727273 0.8854545454545455 uwb_T2a_survGB
293110367008906517982789886212179050580 0.11272727272727273 0.31636363636363635 0.5109090909090909 0.6981818181818182 0.8963636363636364 uwb_T2a_survGB
312413051886085921695894894134626617965 0.18727272727272729 0.5418181818181819 0.7545454545454545 0.92 0.9854545454545455 uwb_T2a_survGB
312987927700015903218571040364595941501 0.10181818181818182 0.3018181818181818 0.4890909090909091 0.68 0.88 uwb_T2a_survGB
324959027903796102304311728272866159122 0.18181818181818182 0.45454545454545453 0.649090909090909 0.8490909090909091 0.9763636363636363 uwb_T2a_survGB
327954962375720392894479971334412785808 0.10363636363636364 0.30363636363636365 0.4909090909090909 0.6818181818181818 0.8818181818181818 uwb_T2a_survGB
328374723270240609929366741201804136387 0.14545454545454545 0.38 0.5818181818181818 0.7709090909090909 0.9381818181818182 uwb_T2a_survGB
38134835253750990799550716741183458719 0.09818181818181818 0.29818181818181816 0.48363636363636364 0.6763636363636364 0.8763636363636363 uwb_T2a_survGB
38825469737439445743809804447771086084 0.12181818181818181 0.32727272727272727 0.5218181818181818 0.7090909090909091 0.9054545454545454 uwb_T2a_survGB
44164469004227581402907600574336145677 0.15454545454545454 0.39454545454545453 0.6036363636363636 0.7872727272727272 0.9472727272727273 uwb_T2a_survGB
53013985624593585811117301804017945029 0.13272727272727272 0.34545454545454546 0.5472727272727272 0.730909090909091 0.9181818181818182 uwb_T2a_survGB
55961916706278357779395596007415351249 0.14909090909090908 0.38545454545454544 0.5890909090909091 0.7763636363636364 0.9418181818181818 uwb_T2a_survGB
66587498530201227957277036280446572791 0.2309090909090909 0.6963636363636364 0.8945454545454545 0.98 0.9963636363636363 uwb_T2a_survGB
68844981409281521950750454122510056461 0.13454545454545455 0.3490909090909091 0.5490909090909091 0.7327272727272728 0.9218181818181819 uwb_T2a_survGB
79235969598788888357175960809483141745 0.13818181818181818 0.35454545454545455 0.5545454545454546 0.7381818181818182 0.9254545454545454 uwb_T2a_survGB
84282515721948680198147020532613269696 0.09454545454545454 0.29454545454545455 0.48 0.6727272727272727 0.8727272727272727 uwb_T2a_survGB
87077124235980146252128966375338614407 0.11818181818181818 0.32181818181818184 0.5163636363636364 0.7036363636363636 0.9018181818181819 uwb_T2a_survGB
8887021578525718381060523841591412330 0.16 0.4036363636363636 0.6145454545454545 0.7963636363636364 0.9527272727272728 uwb_T2a_survGB
