102874795308599532461878597137083911508 0.8381818181818181 0.86 0.8854545454545455 0.9109090909090909 0.9781818181818182 uwb_T2a_CGBSA
105852051548639615748486952202176711148 0.20909090909090908 0.28363636363636363 0.36 0.45636363636363636 0.7545454545454545 uwb_T2a_CGBSA
106435705079652850566645249439823037189 0.20909090909090908 0.28363636363636363 0.36 0.45636363636363636 0.7545454545454545 uwb_T2a_CGBSA
109079564440466459390934335468138636428 0.045454545454545456 0.08 0.11818181818181818 0.15636363636363637 0.5563636363636364 uwb_T2a_CGBSA
112969306780054113980333906173964790092 0.5945454545454546 0.6018181818181818 0.6054545454545455 0.7 0.9327272727272727 uwb_T2a_CGBSA
123701292900777688421667107140658039005 0.5345454545454545 0.5418181818181819 0.5472727272727272 0.6090909090909091 0.9054545454545454 uwb_T2a_CGBSA
124353473453557815130953551902136689467 0.5545454545454546 0.5981818181818181 0.6 0.6981818181818182 0.9309090909090909 uwb_T2a_CGBSA
124434567870588574381378610489531230906 0.6145454545454545 0.6418181818181818 0.6709090909090909 0.7090909090909091 0.9363636363636364 uwb_T2a_CGBSA
125573563319812406874760374698958809505 0.19272727272727272 0.19454545454545455 0.19636363636363635 0.20727272727272728 0.7036363636363636 uwb_T2a_CGBSA
12988927002747789805794297899473275550 0.045454545454545456 0.08 0.11818181818181818 0.15636363636363637 0.5563636363636364 uwb_T2a_CGBSA
130658888753098641451312959980176659588 0.0 0.005454545454545455 0.01090909090909091 0.016363636363636365 0.03636363636363636 uwb_T2a_CGBSA
131146698257544807727238668764122932718 0.6145454545454545 0.6418181818181818 0.6709090909090909 0.7090909090909091 0.9363636363636364 uwb_T2a_CGBSA
132839661488488244842215760010879692966 0.9636363636363636 0.9654545454545455 0.9690909090909091 0.9763636363636363 0.9981818181818182 uwb_T2a_CGBSA
142328365749053739142638653722961307737 0.20909090909090908 0.28363636363636363 0.36 0.45636363636363636 0.7545454545454545 uwb_T2a_CGBSA
143727825274227874197167153057507650958 0.7509090909090909 0.7527272727272727 0.8309090909090909 0.8836363636363637 0.9745454545454545 uwb_T2a_CGBSA
144633752302542907670979408092069226455 0.045454545454545456 0.08 0.11818181818181818 0.15636363636363637 0.5563636363636364 uwb_T2a_CGBSA
154610072952696959194299676669209219512 0.02181818181818182 0.023636363636363636 0.025454545454545455 0.02727272727272727 0.2 uwb_T2a_CGBSA
16662302689796302411563730357188610914 0.0 0.005454545454545455 0.01090909090909091 0.016363636363636365 0.03636363636363636 uwb_T2a_CGBSA
168043669413404524499022810979732251875 0.35818181818181816 0.43636363636363634 0.44 0.54 0.8327272727272728 uwb_T2a_CGBSA
169236177720319634590347344011787487032 0.20909090909090908 0.28363636363636363 0.36 0.45636363636363636 0.7545454545454545 uwb_T2a_CGBSA
169667677784140784977339627367733014704 0.20909090909090908 0.28363636363636363 0.36 0.45636363636363636 0.7545454545454545 uwb_T2a_CGBSA
170388434734333976032799674201970634067 0.20909090909090908 0.28363636363636363 0.36 0.45636363636363636 0.7545454545454545 uwb_T2a_CGBSA
170815440111949608148321939408933862609 0.045454545454545456 0.08 0.11818181818181818 0.15636363636363637 0.5563636363636364 uwb_T2a_CGBSA
176243912685666703702375308333238514192 0.6145454545454545 0.6418181818181818 0.6709090909090909 0.7090909090909091 0.9363636363636364 uwb_T2a_CGBSA
176905959772323409020554782440152571209 0.045454545454545456 0.08 0.11818181818181818 0.15636363636363637 0.5563636363636364 uwb_T2a_CGBSA
179231304033074987658291986586260720501 0.045454545454545456 0.08 0.11818181818181818 0.15636363636363637 0.5563636363636364 uwb_T2a_CGBSA
184005783662213099052034621130934304336 0.045454545454545456 0.08 0.11818181818181818 0.15636363636363637 0.5563636363636364 uwb_T2a_CGBSA
184224684221615162163742807310485825196 0.20909090909090908 0.28363636363636363 0.36 0.45636363636363636 0.7545454545454545 uwb_T2a_CGBSA
191502840964924486625641140181900523566 0.6145454545454545 0.6418181818181818 0.6709090909090909 0.7090909090909091 0.9363636363636364 uwb_T2a_CGBSA
196700983479742959767105282242496584277 0.045454545454545456 0.08 0.11818181818181818 0.15636363636363637 0.5563636363636364 uwb_T2a_CGBSA
216168855596183406615148189330713710623 0.02909090909090909 0.03272727272727273 0.04181818181818182 0.11454545454545455 0.4527272727272727 uwb_T2a_CGBSA
218033355204151932636937416839387621515 0.20909090909090908 0.28363636363636363 0.36 0.45636363636363636 0.7545454545454545 uwb_T2a_CGBSA
222313615650734971147745839834131019722 0.045454545454545456 0.08 0.11818181818181818 0.15636363636363637 0.5563636363636364 uwb_T2a_CGBSA
22568722296870636757170253331925955157 0.4381818181818182 0.44545454545454544 0.44727272727272727 0.5527272727272727 0.8581818181818182 uwb_T2a_CGBSA
23953661194048509803940025372123076021 0.20909090909090908 0.28363636363636363 0.36 0.45636363636363636 0.7545454545454545 uwb_T2a_CGBSA
247338480420038528839542004060398805001 0.44181818181818183 0.4490909090909091 0.5309090909090909 0.5909090909090909 0.88 uwb_T2a_CGBSA
247478043000875821062028498216541810846 0.20909090909090908 0.28363636363636363 0.36 0.45636363636363636 0.7545454545454545 uwb_T2a_CGBSA
251509691558565394449183134158216078881 0.8381818181818181 0.86 0.8854545454545455 0.9109090909090909 0.9781818181818182 uwb_T2a_CGBSA
253159863883326376029121813943042367501 0.045454545454545456 0.08 0.11818181818181818 0.15636363636363637 0.5563636363636364 uwb_T2a_CGBSA
253167521284208568601233142932719768354 0.045454545454545456 0.08 0.11818181818181818 0.15636363636363637 0.5563636363636364 uwb_T2a_CGBSA
255621349528216156036157624394232975228 0.045454545454545456 0.08 0.11818181818181818 0.15636363636363637 0.5563636363636364 uwb_T2a_CGBSA
258925123253978834579822752667638267384 0.045454545454545456 0.08 0.11818181818181818 0.15636363636363637 0.5563636363636364 uwb_T2a_CGBSA
261031255753276395830943017847874589776 0.8381818181818181 0.86 0.8854545454545455 0.9109090909090909 0.9781818181818182 uwb_T2a_CGBSA
263703795319233904258161919976815969344 0.20909090909090908 0.28363636363636363 0.36 0.45636363636363636 0.7545454545454545 uwb_T2a_CGBSA
271266096487792715235933999364306410389 0.20909090909090908 0.28363636363636363 0.36 0.45636363636363636 0.7545454545454545 uwb_T2a_CGBSA
272084949450943266236977822325902693890 0.5945454545454546 0.6018181818181818 0.6054545454545455 0.7 0.9327272727272727 uwb_T2a_CGBSA
274141820081619960815428312150776782028 0.02909090909090909 0.03272727272727273 0.04181818181818182 0.11454545454545455 0.4527272727272727 uwb_T2a_CGBSA
274423968777005648529560808206525278099 0.20909090909090908 0.28363636363636363 0.36 0.45636363636363636 0.7545454545454545 uwb_T2a_CGBSA
275843906781848950807194062008870957498 0.8381818181818181 0.86 0.8854545454545455 0.9109090909090909 0.9781818181818182 uwb_T2a_CGBSA
283272975898130021808793781320383497567 0.045454545454545456 0.08 0.11818181818181818 0.15636363636363637 0.5563636363636364 uwb_T2a_CGBSA
300048253764816828389651530433870141812 0.20909090909090908 0.28363636363636363 0.36 0.45636363636363636 0.7545454545454545 uwb_T2a_CGBSA
310156107323278896682632391333820657170 0.19818181818181818 0.20363636363636364 0.20545454545454545 0.43454545454545457 0.7418181818181818 uwb_T2a_CGBSA
311579092922577242058212467075940758942 0.5345454545454545 0.5418181818181819 0.5472727272727272 0.6090909090909091 0.9054545454545454 uwb_T2a_CGBSA
31175712967246937942861315731362647907 0.0 0.005454545454545455 0.01090909090909091 0.016363636363636365 0.03636363636363636 uwb_T2a_CGBSA
3123989138538355383176077731922745625 0.6145454545454545 0.6418181818181818 0.6709090909090909 0.7090909090909091 0.9363636363636364 uwb_T2a_CGBSA
315361035901079735837195400739681883076 0.15272727272727274 0.15454545454545454 0.19090909090909092 0.2018181818181818 0.6690909090909091 uwb_T2a_CGBSA
338150289124428384068347182784679587229 0.7381818181818182 0.7436363636363637 0.7472727272727273 0.8345454545454546 0.9709090909090909 uwb_T2a_CGBSA
4140234159105931861008558564565664370 0.6145454545454545 0.6418181818181818 0.6709090909090909 0.7090909090909091 0.9363636363636364 uwb_T2a_CGBSA
44374453275291101226201178637948375608 0.20909090909090908 0.28363636363636363 0.36 0.45636363636363636 0.7545454545454545 uwb_T2a_CGBSA
48018958909725317379763684141715533876 0.20909090909090908 0.28363636363636363 0.36 0.45636363636363636 0.7545454545454545 uwb_T2a_CGBSA
49181933716339464523419377032038612711 0.6145454545454545 0.6418181818181818 0.6709090909090909 0.7090909090909091 0.9363636363636364 uwb_T2a_CGBSA
50492194922413122600313975189284528023 0.7381818181818182 0.7436363636363637 0.7472727272727273 0.8345454545454546 0.9709090909090909 uwb_T2a_CGBSA
50535401281958034790425695819723635150 0.20909090909090908 0.28363636363636363 0.36 0.45636363636363636 0.7545454545454545 uwb_T2a_CGBSA
53506902401993494461547471359364128491 0.20909090909090908 0.28363636363636363 0.36 0.45636363636363636 0.7545454545454545 uwb_T2a_CGBSA
6092029970857334058754002393908621245 0.20909090909090908 0.28363636363636363 0.36 0.45636363636363636 0.7545454545454545 uwb_T2a_CGBSA
62096230792654370894975312736219578938 0.20909090909090908 0.28363636363636363 0.36 0.45636363636363636 0.7545454545454545 uwb_T2a_CGBSA
69946607851993318752346351367281917254 0.045454545454545456 0.08 0.11818181818181818 0.15636363636363637 0.5563636363636364 uwb_T2a_CGBSA
76403010148122079080287591376899905261 0.20909090909090908 0.28363636363636363 0.36 0.45636363636363636 0.7545454545454545 uwb_T2a_CGBSA
84389105660215702364835553687751975862 0.20909090909090908 0.28363636363636363 0.36 0.45636363636363636 0.7545454545454545 uwb_T2a_CGBSA
86291997124606495041079549573633507992 0.5345454545454545 0.5418181818181819 0.5472727272727272 0.6090909090909091 0.9054545454545454 uwb_T2a_CGBSA
95476931381747357721049045738969845561 0.6145454545454545 0.6418181818181818 0.6709090909090909 0.7090909090909091 0.9363636363636364 uwb_T2a_CGBSA
102261392357269412895826000434219677612 0.8381818181818181 0.86 0.8854545454545455 0.9109090909090909 0.9781818181818182 uwb_T2a_CGBSA
108392321367395703925142501072045459418 0.045454545454545456 0.08 0.11818181818181818 0.15636363636363637 0.5563636363636364 uwb_T2a_CGBSA
110586548113894700799062380481034549756 0.20909090909090908 0.28363636363636363 0.36 0.45636363636363636 0.7545454545454545 uwb_T2a_CGBSA
114228080484276079879820887776355054119 0.6145454545454545 0.6418181818181818 0.6709090909090909 0.7090909090909091 0.9363636363636364 uwb_T2a_CGBSA
114879354537982420754125883207016236919 0.20909090909090908 0.28363636363636363 0.36 0.45636363636363636 0.7545454545454545 uwb_T2a_CGBSA
14079463966905540320255734791241993234 0.6145454545454545 0.6418181818181818 0.6709090909090909 0.7090909090909091 0.9363636363636364 uwb_T2a_CGBSA
142763203171022855723198176430780632801 0.20909090909090908 0.28363636363636363 0.36 0.45636363636363636 0.7545454545454545 uwb_T2a_CGBSA
152835796904054046479622601162305407270 0.20909090909090908 0.28363636363636363 0.36 0.45636363636363636 0.7545454545454545 uwb_T2a_CGBSA
183805667644783061002002722478906632066 0.20909090909090908 0.28363636363636363 0.36 0.45636363636363636 0.7545454545454545 uwb_T2a_CGBSA
187765306541695598308208426779174928057 0.8381818181818181 0.86 0.8854545454545455 0.9109090909090909 0.9781818181818182 uwb_T2a_CGBSA
193309340056127373671759197733560288051 0.8381818181818181 0.86 0.8854545454545455 0.9109090909090909 0.9781818181818182 uwb_T2a_CGBSA
19360264505943021048981210560222054921 0.20909090909090908 0.28363636363636363 0.36 0.45636363636363636 0.7545454545454545 uwb_T2a_CGBSA
195457549058738943388870398350849858072 0.20909090909090908 0.28363636363636363 0.36 0.45636363636363636 0.7545454545454545 uwb_T2a_CGBSA
198942521164144755275564118025009492597 0.20909090909090908 0.28363636363636363 0.36 0.45636363636363636 0.7545454545454545 uwb_T2a_CGBSA
204792228523942817697684249362752561945 0.20909090909090908 0.28363636363636363 0.36 0.45636363636363636 0.7545454545454545 uwb_T2a_CGBSA
218339622966495983478086400152428111499 0.8381818181818181 0.86 0.8854545454545455 0.9109090909090909 0.9781818181818182 uwb_T2a_CGBSA
21927516961642519164883975963927187019 0.20909090909090908 0.28363636363636363 0.36 0.45636363636363636 0.7545454545454545 uwb_T2a_CGBSA
224183108360438665125388531818542399521 0.20909090909090908 0.28363636363636363 0.36 0.45636363636363636 0.7545454545454545 uwb_T2a_CGBSA
247590627515252231922429666072028998197 0.20909090909090908 0.28363636363636363 0.36 0.45636363636363636 0.7545454545454545 uwb_T2a_CGBSA
27072005168038970286294211166039329387 0.045454545454545456 0.08 0.11818181818181818 0.15636363636363637 0.5563636363636364 uwb_T2a_CGBSA
280459642216027454663382357557500293054 0.6145454545454545 0.6418181818181818 0.6709090909090909 0.7090909090909091 0.9363636363636364 uwb_T2a_CGBSA
283484034148470864073394508633946915589 0.20909090909090908 0.28363636363636363 0.36 0.45636363636363636 0.7545454545454545 uwb_T2a_CGBSA
293110367008906517982789886212179050580 0.20909090909090908 0.28363636363636363 0.36 0.45636363636363636 0.7545454545454545 uwb_T2a_CGBSA
312413051886085921695894894134626617965 0.8381818181818181 0.86 0.8854545454545455 0.9109090909090909 0.9781818181818182 uwb_T2a_CGBSA
312987927700015903218571040364595941501 0.20909090909090908 0.28363636363636363 0.36 0.45636363636363636 0.7545454545454545 uwb_T2a_CGBSA
324959027903796102304311728272866159122 0.8381818181818181 0.86 0.8854545454545455 0.9109090909090909 0.9781818181818182 uwb_T2a_CGBSA
327954962375720392894479971334412785808 0.20909090909090908 0.28363636363636363 0.36 0.45636363636363636 0.7545454545454545 uwb_T2a_CGBSA
328374723270240609929366741201804136387 0.6145454545454545 0.6418181818181818 0.6709090909090909 0.7090909090909091 0.9363636363636364 uwb_T2a_CGBSA
38134835253750990799550716741183458719 0.045454545454545456 0.08 0.11818181818181818 0.15636363636363637 0.5563636363636364 uwb_T2a_CGBSA
38825469737439445743809804447771086084 0.44181818181818183 0.4490909090909091 0.5309090909090909 0.5909090909090909 0.88 uwb_T2a_CGBSA
44164469004227581402907600574336145677 0.8381818181818181 0.86 0.8854545454545455 0.9109090909090909 0.9781818181818182 uwb_T2a_CGBSA
53013985624593585811117301804017945029 0.6145454545454545 0.6418181818181818 0.6709090909090909 0.7090909090909091 0.9363636363636364 uwb_T2a_CGBSA
55961916706278357779395596007415351249 0.7054545454545454 0.7072727272727273 0.7363636363636363 0.8290909090909091 0.9672727272727273 uwb_T2a_CGBSA
66587498530201227957277036280446572791 0.20909090909090908 0.28363636363636363 0.36 0.45636363636363636 0.7545454545454545 uwb_T2a_CGBSA
68844981409281521950750454122510056461 0.6145454545454545 0.6418181818181818 0.6709090909090909 0.7090909090909091 0.9363636363636364 uwb_T2a_CGBSA
79235969598788888357175960809483141745 0.6145454545454545 0.6418181818181818 0.6709090909090909 0.7090909090909091 0.9363636363636364 uwb_T2a_CGBSA
84282515721948680198147020532613269696 0.045454545454545456 0.08 0.11818181818181818 0.15636363636363637 0.5563636363636364 uwb_T2a_CGBSA
87077124235980146252128966375338614407 0.20909090909090908 0.28363636363636363 0.36 0.45636363636363636 0.7545454545454545 uwb_T2a_CGBSA
8887021578525718381060523841591412330 0.20909090909090908 0.28363636363636363 0.36 0.45636363636363636 0.7545454545454545 uwb_T2a_CGBSA
